22222222222222222222222222222222
20000000000000000000000000000002
20000000000111111111100000000002
20000000000000000000000000000002
20000000000000000000000000000002
20000001111111111111111111111112
20000000000000000000000000000002
20000000000000000000000000000002
21111111111111111111111100000002
20000000000000000000000000000002
20000000000000000000000000000002
20000001111111111111111111111112
20000000000000000000000000000002
20000000000000000000000000000002
21111111111111111111111100030002
20000000000000000000000000000002
20000000000000000000000000000002
22222222222222222222222222222222