22222222222222222222222222222222
20000000000000000000000000000002
20000000000000011000000000000002
20000000000000000000000000000002
20000000000000000000000000000002
20000000000001111110000000000002
20000000000000000000000000000002
20000000000000000000000000000002
20000000000111111111100000000002
20000000000000000000000000000002
20000000000000000000000000000002
20000000011111111111111000000002
20000000000000000000000000000002
20000000000000000000000000000002
20000011111111111111111111003002
20000000000000000000000000000002
20000000000000000000000000000002
22222222222222222222222222222222