22222222222222222222222222222222
20300000000000000000000000000002
20000000000001111110000000000002
20000000000000000000000000000002
20000000000000000000000000000002
20000011111111100111111111000002
20000000000000000000000000000002
20000000000000000000000000000002
20011111111110011001111111111002
20000000000000000000000000000002
20000000000000000000000000000002
21110000011100111100111000001112
20000000000000000000000000000002
20000000000000000000000000000002
20000111000001111110000011100002
20000000000000000000000000000002
20000000000000000000000000000002
22222222222222222222222222222222